597
712
415
129
260
458
737
326
477
644
925
703
287
359
962
311
674
400
378
30
872
198
266
247
417
862
424
522
497
553
839
80
105
878
312
880
435
636
371
652
904
943
686
154
38
607
972
471
324
24
303
416
891
948
863
240
476
707
887
821
617
704
498
808
358
440
604
888
564
672
125
820
60
530
496
47
52
768
783
687
947
102
910
83
431
908
408
368
392
23
164
402
405
923
941
960
25
106
59
380
235
569
248
690
536
450
274
443
811
65
817
308
918
62
9
171
515
600
800
329
226
503
302
643
606
849
53
301
680
587
339
805
11
907
879
867
347
356
664
932
933
974
691
555
454
85
764
244
278
351
705
721
208
699
815
799
459
809
850
605
200
269
479
168
689
16
341
2
280
711
95
222
929
746
193
436
484
141
614
305
93
527
957
51
103
161
367
757
173
826
206
483
578
628
913
753
350
199
191
601
442
318
581
109
988
87
57
220
610
595
366
148
263
346
989
531
917
938
562
688
517
945
262
28
344
3
512
143
331
851
893
508
572
998
166
871
624
970
793
892
434
44
7
855
669
559
877
204
315
870
542
131
571
36
237
317
466
399
548
570
375
123
495
360
209
342
40
90
881
969
182
547
735
353
327
452
18
69
759
648
692
384
223
775
332
955
554
27
465
836
533
725
613
203
797
119
251
88
528
641
567
99
550
629
980
72
985
427
739
453
946
120
210
786
796
78
575
728
801
500
401
31
501
791
160
104
729
492
55
510
406
803
726
885
744
844
159
921
535
391
116
338
66
845
583
827
656
951
256
421
323
833
493
697
272
858
253
77
658
673
716
75
514
695
816
320
781
860
632
979
731
931
426
634
461
937
930
588
361
184
153
487
973
174
896
187
747
602
971
372
579
155
234
538
627
840
785
420
232
852
523
594
981
100
765
330
633
309
219
289
243
693
319
743
865
282
438
701
655
196
875
81
197
292
79
413
834
277
218
463
228
760
769
873
574
750
456
328
246
566
869
630
558
490
645
758
49
207
432
94
54
306
854
101
114
789
657
213
876
622
565
999
616
975
663
730
385
779
455
942
822
316
675
717
4
637
964
422
32
709
464
899
325
788
365
482
26
190
429
1000
806
990
710
958
322
386
345
45
430
73
772
544
115
64
33
475
734
995
130
337
651
912
586
968
46
767
994
756
35
410
577
157
949
259
255
257
444
15
63
738
935
751
549
181
770
518
647
268
201
189
671
473
224
740
273
814
654
133
291
97
668
354
776
481
928
446
719
529
58
445
132
580
561
441
618
829
185
810
300
451
96
486
700
250
419
267
927
108
238
922
297
76
178
17
92
202
229
766
91
186
488
379
156
505
748
233
216
284
965
722
369
507
151
914
242
37
665
620
774
261
843
172
724
895
804
403
395
626
195
916
782
167
334
963
22
792
390
537
249
48
74
857
915
682
252
802
546
646
676
377
771
576
534
848
831
859
137
956
149
179
221
288
560
794
113
180
807
702
939
798
573
847
147
14
623
653
837
285
745
467
231
890
813
150
134
698
940
991
874
8
245
713
343
977
733
127
714
898
254
382
211
706
592
70
638
723
959
749
43
205
590
194
122
423
398
670
165
608
736
944
967
239
13
642
589
335
936
742
619
225
117
842
146
138
993
763
727
176
126
98
853
864
504
540
227
755
20
381
598
121
832
140
84
506
741
5
992
163
412
304
275
290
519
882
1
952
336
82
694
612
293
307
861
978
437
718
640
661
684
666
21
39
678
516
825
188
485
139
894
545
478
111
212
650
906
258
983
19
950
934
778
428
611
396
599
884
526
29
499
183
838
56
449
835
136
920
215
462
556
68
374
824
175
621
677
997
996
886
525
593
447
236
919
986
625
679
472
841
321
283
557
489
480
591
708
511
543
352
393
270
683
394
631
42
762
609
866
145
404
926
89
387
265
118
905
685
856
551
397
846
812
363
953
976
563
585
276
448
158
780
513
357
12
521
279
961
407
715
169
649
376
348
314
124
144
823
720
425
310
773
596
784
107
313
411
984
520
433
296
230
333
389
900
383
128
868
732
264
170
439
67
660
6
777
584
901
761
982
889
162
152
61
696
71
294
217
50
468
524
509
457
41
86
414
370
298
911
177
532
659
299
897
214
142
987
662
615
355
754
241
34
752
639
295
362
539
819
909
340
271
469
474
418
552
494
192
790
883
110
373
10
286
568
349
470
787
795
818
460
966
491
954
635
364
112
828
135
603
681
582
667
388
902
830
409
281
541
924
903
502
