519
368
8065
1943
5106
6112
6216
7366
9842
7630
3371
4627
3949
2211
3409
7412
268
7197
565
3455
9154
5024
8903
7104
6942
2735
7558
8631
4874
5220
3240
4383
2794
33
6108
8974
8779
2129
4423
7869
9884
6160
3247
2824
4231
1401
7342
112
4848
5710
6470
8220
3287
4166
469
1374
261
9535
6800
3906
456
2022
1832
8680
4639
8324
9695
7058
424
9070
1760
3552
7762
6806
4492
1211
1493
5192
4333
8156
8953
9793
7041
2075
2157
1496
8723
5912
1959
7050
2529
2666
8366
8524
5880
8737
4053
7419
411
3227
6737
8489
5564
2172
2798
2448
1632
3436
5571
3802
4469
1980
8876
304
2141
5014
2254
9585
435
6515
3355
7
9307
7560
2961
281
6496
5793
9255
3982
808
8230
1585
265
9214
4486
4510
1474
1950
4786
5936
7614
7594
7778
2858
8375
3109
7637
4563
1334
3510
5751
8948
9007
6946
4284
5444
7218
9198
1373
744
1036
6635
9944
742
2574
5359
9769
7430
1365
7057
2077
3572
9119
6976
904
2708
1094
8062
6116
7317
9165
3428
3700
732
7652
7179
4610
2716
9568
2713
2046
5745
7612
4659
6179
9319
2237
3746
9841
1308
707
4813
5723
2351
757
3262
2259
7403
2681
5091
1251
1694
6049
3629
4898
8748
8148
5050
2318
1299
7258
8422
482
5878
2102
7553
324
9420
9002
5557
1522
2277
30
1045
6370
1003
457
6519
498
2123
7771
5874
7478
1929
371
5842
4968
4237
8310
1664
8349
2608
1575
4233
2548
8467
4445
2717
1802
2972
5728
8978
6643
4449
8947
9432
6406
3617
8566
5378
9292
6031
4617
5604
496
2740
7860
770
534
7484
3122
1187
6263
8160
1584
4372
2959
5020
5131
8191
9519
531
963
1260
1906
8438
1098
9916
5522
3842
5464
1550
1759
9588
8786
9749
9697
4769
7311
359
4891
329
1221
4337
7461
5280
5515
9036
6725
9041
1241
8805
1198
7837
1257
9485
524
2252
8957
918
6237
795
7299
8603
6366
7116
4070
4967
9653
2268
4376
3009
4447
6331
6283
9598
5287
677
2467
2090
6469
6147
6845
264
5788
2852
8671
6223
4938
9350
7257
9641
4940
1059
7880
5750
1845
8434
7069
1054
6555
5147
8585
2348
7702
3778
9692
2431
6503
4788
1549
9404
8078
1068
4118
1480
287
321
4136
2
820
6811
8745
6192
7043
2117
5617
5030
9498
347
6307
9175
2368
4692
2850
4676
3628
8530
4128
6771
1244
561
8725
7534
8971
2399
9330
1590
5431
3056
626
1719
1669
7851
6653
1778
5800
416
4923
2515
4656
3946
7796
5023
419
7300
1112
7127
7081
3986
6541
4283
947
1272
432
9821
8895
2347
4608
760
7142
6415
1628
6707
7004
2642
7718
1369
2041
3771
7672
544
7112
4647
7882
8797
4146
3426
6623
6793
812
7878
5186
1008
1602
5942
5157
7958
6618
1617
3864
7354
5061
8940
6365
332
3630
5015
53
7456
3701
8609
5129
9045
8591
4250
2243
3031
1275
5481
6182
7747
4368
9408
1200
7848
597
6617
4987
6896
2334
3904
5937
7644
6152
5563
658
407
1937
1651
7972
5858
8476
3411
9264
9201
7959
4701
1348
7564
3034
1848
2232
4854
8328
1514
7021
5802
9986
9426
4887
3959
3655
5384
2461
4153
4558
164
1641
2953
58
5167
1109
4920
2920
7493
8509
1867
6479
8612
1190
9466
1843
8300
8951
148
5385
7024
7830
9233
8239
7026
4971
2883
5704
1613
9543
7905
3085
4847
6348
5269
8249
52
9010
5944
117
4892
6184
8955
5256
9232
526
1326
5151
8911
1406
2402
5584
4615
8774
3585
2623
1508
279
7839
2345
5667
636
8152
9650
1447
5833
1606
8259
1166
1808
4534
5678
9778
845
3090
4307
6574
1204
3578
4785
2425
4878
8224
4093
3695
6627
5769
4845
5819
7314
4540
3612
8025
5083
9357
6119
2480
7028
2890
7251
3631
6751
6527
5016
7842
8398
5092
3183
4223
5534
8766
1905
4999
7922
6575
3126
8445
8627
1178
9164
3016
7775
2126
8920
9710
6342
1745
2105
6173
7265
2108
630
8200
1646
7240
9634
7452
5729
8891
4276
5961
7694
8334
9532
3898
2110
6148
9539
2622
8778
9087
7698
8404
4687
2250
7680
5707
7156
7192
438
8881
8913
9882
2578
9089
7962
4512
3779
4075
1499
9952
476
3249
6400
3252
4912
4110
9732
6063
5513
8339
37
6743
1089
629
6080
6012
1152
7482
7276
6093
3314
3065
815
7627
1933
1085
9469
5067
2660
152
8007
197
5076
468
3670
8172
1875
804
4677
5142
5096
3145
8291
4058
7168
4375
5111
1949
3393
4597
9592
5119
3721
9619
1485
6123
7332
9149
9093
6330
7477
6305
6463
6212
3955
7101
3516
9118
9227
4601
446
3053
5987
5283
9176
1498
3573
4200
4715
1864
115
9831
4640
8518
2840
6016
3283
5108
6183
3851
9199
3469
9961
3306
5998
4211
3791
8527
5035
9912
6858
2872
1279
8176
6168
5795
2624
7413
2751
1340
1935
1685
6442
9
4165
1289
6161
8282
9208
586
374
1372
3113
3489
9530
8240
9603
6650
7210
3271
2228
8477
2107
7321
3971
8576
2997
8581
7394
8145
5214
1670
6682
5914
6142
6157
4952
6320
3557
5391
9363
2908
3483
7823
7226
1149
6445
857
3255
448
9648
9643
746
3205
8549
601
5109
2571
4456
4064
9280
1573
1375
2916
9079
4468
6833
9560
8399
2917
3885
7849
9055
3953
3233
6430
5755
6564
8711
1078
5778
7039
5299
8966
849
3581
3867
1769
6475
8032
2384
6133
1240
3315
948
1642
3290
2343
7351
9800
9145
1423
1626
9787
3422
1983
8367
6813
1970
4974
2032
913
8121
8648
6626
253
4341
6190
189
1130
4133
5592
782
5366
8969
6577
1262
7245
2389
5037
5576
2656
7033
7724
5696
2788
9015
9832
7867
1568
4811
6146
7998
2086
7471
2957
4169
7535
5411
9549
5423
4360
3095
3601
7608
3486
168
3613
6460
5771
3781
1837
2455
386
6156
9624
9251
5025
6886
5000
9711
3475
3777
7916
8567
583
5939
9027
4147
9701
6679
668
3446
6003
9609
2261
1158
9462
2641
3323
2134
9434
9811
5739
1248
3919
3111
8306
628
6440
2888
1108
7904
9391
5548
3044
5983
7118
7742
4252
54
18
7667
5275
6879
2241
2901
2424
2305
8832
8392
2253
3401
6306
3433
7900
7124
758
4790
6124
223
3245
4882
4403
9967
6660
5796
3659
3582
6250
3135
8193
860
9813
855
1076
945
8865
5193
2607
2955
6544
97
8598
910
9583
7920
3300
2513
5536
9907
326
6795
9942
3803
5663
2950
5902
7983
4419
7575
2835
6397
8752
6825
8927
9335
1354
3575
3341
9575
3153
1986
1126
7756
5670
1507
4177
1916
3043
9174
1030
9124
6159
755
1923
2294
4219
1157
3208
9644
257
2523
7072
5856
2235
9258
1171
1285
314
1181
7427
8444
9622
9865
8905
9964
8167
595
8353
6715
864
1728
5520
8926
5458
7193
8753
5427
1521
3264
6272
9630
4998
6547
2043
2566
6727
2151
6191
8504
3847
8686
571
1673
4725
2980
5877
2611
1072
9167
5183
3934
7599
798
6764
8678
2165
8110
128
7961
9486
5207
2337
3632
685
8575
6140
4727
4631
3893
6236
8638
4025
7331
5260
2067
7790
4359
6922
7437
4958
2426
6546
5323
7169
6461
2563
3462
4232
6351
7103
4925
423
3211
6517
3567
1376
1306
5063
4115
3320
7255
8425
996
2470
5331
7640
8706
9064
3179
6399
2725
9748
8117
6135
1966
285
2401
7821
3935
8662
2089
2249
6799
9311
3057
5821
8096
217
5945
4591
5886
1696
2870
7593
8882
2918
8318
6893
3984
7175
9886
6832
895
6367
6748
1019
7141
9527
2598
2620
7001
3094
4981
6068
8264
8015
5737
8738
3854
6699
7333
2442
7322
8660
9017
7319
8691
2140
2998
9253
9563
1492
8703
5996
2256
2553
9329
6752
7236
3647
2808
631
93
4984
7269
6843
2971
8860
7689
6970
4056
4508
3814
5305
3537
9460
513
3482
2978
5681
1263
4943
8199
8991
9423
8415
7172
1792
9225
6310
6951
7543
8889
3378
4418
6848
3666
3921
204
7617
2150
4130
6928
4855
3484
277
8613
8970
8863
5621
5399
5148
3286
552
3317
3947
6677
2079
5345
9784
4206
4879
2267
1233
4603
9207
3068
1410
711
6274
388
9840
3251
5185
7117
6711
3663
1156
5714
5105
4740
6977
1012
7443
2705
5278
9774
3292
9595
5350
343
4041
3164
475
6047
9679
3531
6610
4921
380
7891
3931
6407
2586
7857
7137
3865
6334
6362
2482
493
4556
5340
9754
8209
5239
7954
957
5656
3689
3159
3956
9862
4814
8084
7428
8482
2764
8095
8329
8406
6008
6902
7177
5053
8258
1801
124
6995
7406
1236
2949
3250
1515
9759
3914
3363
5356
5032
1488
7490
3936
2796
6594
8143
8830
45
2184
1813
1852
194
2693
9437
9662
9892
9836
5760
5245
1594
8941
4470
5958
1814
3785
8731
297
8268
4450
1271
242
5333
6616
9927
5088
8606
1255
2182
4442
3568
9822
8632
3598
178
4982
6270
9262
6111
9194
775
4885
9121
251
3596
170
1889
3521
530
7161
4822
7781
2879
6453
1502
7529
7984
2161
2828
5328
9655
1536
2871
8024
610
1246
3846
7421
5927
6144
6566
3086
5885
8855
2756
9342
2801
9891
6701
1919
9871
2510
7290
9808
776
9753
6859
5080
6229
2023
2158
2324
8082
3093
8791
2210
6712
8878
9455
9285
8950
7239
4916
1208
6404
8519
6944
5801
3175
44
6597
9101
8960
193
7776
2700
9464
2221
3170
9160
158
8494
9472
8131
72
890
5582
48
3644
5248
4507
8523
2924
6696
8528
8439
9723
5267
1517
8203
4859
9937
169
5230
5517
3692
3105
2416
4602
8936
5197
3495
5553
9369
1013
6545
2460
8616
1776
9269
5659
5964
7990
1382
9705
4696
3059
6468
3242
7095
6390
6790
7738
6392
2667
8652
5794
5546
5422
7967
1535
6747
5387
9185
9773
10000
7183
8105
8253
8396
3610
85
8503
4721
6380
7010
5881
3686
6420
5859
9265
8872
2915
3532
7198
8357
2954
809
7690
1765
8687
6693
4397
2335
3151
1416
2085
9351
724
6786
2363
9286
7613
651
4322
4955
7018
3014
7185
9502
5249
5325
9155
1896
1413
478
3235
2760
5636
4327
6914
2956
7835
2282
4091
8910
1544
7784
8636
5040
3102
7510
5699
3199
4972
9959
3819
5288
2203
1631
3804
5442
5510
4750
7870
7093
8034
5655
9182
9593
14
5405
2688
8087
4260
9495
1118
672
3579
9144
6128
3766
4546
6207
5120
9312
2266
3042
5413
8933
3668
8165
6449
6972
4379
64
5133
6276
9390
3985
3593
2436
8994
6107
2489
5459
7939
6688
3710
2317
1588
2894
1516
3520
7386
8639
8202
8106
2913
4350
7731
1182
2843
6741
9183
2664
8803
7159
8975
8355
2535
9270
4908
3321
5195
3840
7187
3063
2845
8741
3693
4711
8201
6979
7431
2730
5100
1820
434
5453
8508
4462
8968
4209
8695
602
8083
202
3190
663
7923
988
3338
7688
9764
9522
7458
7741
5412
9024
1259
824
6726
154
7045
9982
1702
2765
4240
9114
3905
3293
2981
7643
5009
9401
454
9743
8756
1645
961
1723
9453
3216
3258
6408
1266
460
2311
4895
2806
5334
1946
8033
5862
1293
1717
8921
1500
4261
9897
5605
2829
8587
3917
8641
2519
3013
269
2993
2074
8879
5539
9791
6332
1427
822
7489
8183
4016
4207
1315
301
1836
9290
7874
4182
3966
5321
9845
4125
6232
1657
680
7607
892
6984
6740
6006
5078
9005
9123
4245
4103
3142
5957
234
6801
1032
5060
8935
9939
1027
4989
325
4646
3399
4366
1212
1004
6388
5045
2130
756
6994
1494
503
5931
5637
7736
220
3871
621
8407
956
4176
5615
7792
5315
378
8384
6664
6347
4483
2673
8642
6973
6822
1466
4369
4797
2739
2651
5999
3799
624
6867
9354
4762
7131
1722
8410
9980
983
1882
1969
2772
7220
9839
9876
4432
1314
9249
3877
2403
5202
4066
5664
6500
7330
5093
4756
1893
5647
882
6674
2065
1107
8433
9383
2658
8965
1209
237
4363
4853
9658
977
6975
5184
4215
9983
2120
8481
5816
9998
9617
2569
3800
5417
9817
6115
3938
9625
7513
506
1296
9672
6065
577
7645
5190
7359
3881
4059
2112
6369
1164
796
7111
5402
6429
4452
3901
3112
7292
637
1297
2712
9827
7906
5693
4235
2033
4930
9906
9936
5301
9902
6281
578
2994
4263
7473
1996
8907
2565
2559
4504
7002
9739
7862
2411
3149
8634
8460
9130
1840
2699
6992
5653
7847
1940
3554
2167
153
4273
7262
3654
6004
6474
8144
9577
5103
6271
2709
1139
5619
3352
2934
7805
497
1732
3118
6713
8870
783
8498
9343
3910
897
7365
79
9068
5533
4448
5608
1060
592
6358
1706
3423
4463
2323
6172
7271
6446
3797
605
6165
794
6901
5581
6416
9136
6595
9834
2676
4860
4538
654
3823
4424
3162
6491
6730
8545
1686
3229
2231
6507
1482
9318
5258
8118
4355
7919
1741
9989
6714
3343
5982
2588
1914
6244
2047
1420
8344
5404
2669
383
278
7551
3665
4698
5596
6286
4466
5865
2296
6346
5730
6871
7965
2437
7539
998
4595
2444
5726
320
2766
2238
8643
77
7044
5293
228
3990
6872
142
5270
6477
1307
2748
4966
2552
2963
8455
5189
5409
6589
8420
6698
4489
9969
8611
6840
2525
2606
533
1844
615
4870
2793
1545
6021
4353
2736
8218
3561
1853
6178
9717
1350
9809
773
9852
369
6735
9631
2070
9971
6480
2927
8332
1415
5603
9849
5577
4459
6418
8995
2657
9254
684
900
21
3307
7338
5537
2473
2264
1812
5451
7186
736
964
2541
1303
7714
9219
702
4293
1555
1780
990
588
620
8679
4607
191
2213
4973
6866
1736
8036
4501
156
3944
7777
3440
2683
5762
4280
1335
9431
2010
8720
3445
8914
16
1402
868
6069
5597
1968
370
6634
6467
8235
540
7199
8904
7209
2292
2654
8985
4539
5713
1562
9691
5072
8654
1256
3351
3035
9576
4256
5179
8351
1140
2680
7711
328
5689
6671
991
8321
720
9629
1691
5654
721
8580
5319
7547
4716
8281
6694
8690
8979
2340
9856
3677
8290
4131
1810
7056
8588
8983
3325
7476
5672
7725
7642
6989
5113
2319
6471
1113
9979
9142
5156
8028
80
8295
3674
9006
9540
9113
9503
1273
8304
6803
5623
4391
1018
5986
7398
2224
2475
3883
73
7295
3590
2251
4401
2783
4581
2168
5827
1600
4007
8341
6621
4560
2338
8819
8817
9372
2970
8316
2745
2404
5343
9034
7573
4626
8633
6728
1948
3806
6213
4516
5572
2732
421
5064
5107
4277
9843
3522
8976
6988
3650
1904
6352
9771
1541
1222
8129
8600
9963
5962
9607
1942
932
9192
8180
4532
9289
7384
9872
6724
908
5899
8326
4490
6293
640
518
1333
1176
3070
43
8548
7976
9729
6061
3685
8088
589
3067
2163
1630
8514
3429
9628
9795
9171
4886
3232
8492
4660
8261
9638
8305
562
2508
5860
9728
5712
2817
8487
1
40
1557
1592
8056
3719
458
6164
6228
4877
2820
5818
3329
8212
5425
1609
7934
4963
9172
774
34
123
1758
5829
6163
8211
7864
585
9334
6585
1804
9457
9230
2034
2280
214
7713
4703
8874
2164
4349
8257
9874
7673
2104
3524
9416
7244
7530
6501
307
6447
9429
2805
3732
840
7227
7997
3413
5731
6852
9224
4173
177
8574
5698
9615
400
5406
7773
7579
4009
379
2914
8181
5338
2477
2400
5171
8851
898
4928
5496
9451
2030
4304
9863
414
851
3049
1977
6935
9304
4704
413
4185
3021
3574
4665
1362
3334
46
487
2114
4791
2373
1055
9051
8245
4525
8707
9216
8681
5871
9316
5631
7498
2617
2478
5137
603
6613
5097
1062
8712
2466
9247
8561
7128
334
5038
1931
1090
2884
6175
9058
6865
6579
3897
9905
393
9325
4096
1731
4188
993
449
6269
109
7464
1579
3602
2682
2500
495
9828
4332
8342
7588
9091
1911
316
7457
6831
9864
441
317
1891
9995
8221
1487
1470
4042
55
2973
8356
1554
1155
599
579
3136
7280
3418
8197
5455
7273
5974
3062
4505
1465
575
1039
4856
7634
7173
6261
914
5152
9220
9367
2284
5473
6654
7566
1385
1301
7893
3385
5573
8111
4054
8831
8821
5924
4079
8573
1422
1316
4881
5702
4167
2193
2073
2625
2905
9210
7770
4045
1695
612
3121
5949
6529
8697
1207
9541
4152
9553
9133
1189
1532
352
614
6315
502
9281
1583
4247
3155
1807
7211
6611
9477
8990
6454
9115
5371
7474
9127
6267
4820
8283
384
9858
6364
5372
4004
7753
2729
1239
2369
2591
3509
7505
909
9830
7266
8054
6720
9721
9250
1105
5591
5488
4800
196
3620
2564
4018
8162
1902
4587
8649
4228
6371
3945
483
8274
1898
9880
5410
2087
2240
6384
745
2577
1994
3390
4354
2652
9305
230
3839
4382
6349
7086
2288
2051
762
2287
5507
9945
4019
5182
9623
5669
6035
385
4680
188
3991
1339
5033
2429
6046
5612
8005
4117
8850
2848
6639
6023
7409
6562
6234
5954
1419
4628
7896
3559
6645
9107
6615
1310
1661
8457
767
2612
9481
7994
1154
9150
5805
1185
9955
6221
2269
5738
9022
2584
3616
6683
7126
69
200
764
9742
9514
1132
9475
8919
8543
7846
5993
8133
3026
3996
9483
6878
2638
8314
233
8685
9412
3158
166
428
8370
2040
1779
1824
165
7433
1746
6314
6078
1434
7326
1653
3832
3621
2841
5362
6663
9994
9621
6601
7088
8810
2630
8206
1526
5697
6932
4189
8471
4763
2550
7139
3358
8072
4672
6958
6703
2951
6166
31
862
3391
5979
8141
7971
1597
3108
3028
7441
7438
2344
9824
678
4567
735
7635
75
1476
2576
3131
5201
9206
2385
227
986
2330
9860
7936
6088
8599
7234
7237
2219
7375
4517
8134
1774
5149
3837
9968
1766
1206
6086
2547
6828
2583
9361
1086
4163
7120
309
6360
905
780
4702
7509
8046
4511
6301
3184
8945
5204
9204
564
5618
1242
6762
3553
2560
1659
7397
4957
3861
1998
3124
1789
7352
8601
1709
9859
6127
3742
7083
4364
802
1754
3139
2306
6916
3565
2825
4651
5857
9459
4248
2780
8188
3394
1876
7681
4
2539
5010
916
8298
203
7894
7339
8946
1683
7865
8837
9521
3342
3225
6667
8593
7485
4402
5532
5233
1739
7826
6539
4889
5887
5853
2603
5124
7683
4281
5638
2386
7911
8563
5906
8064
7768
3123
8873
4134
2042
3177
5462
2923
2921
1886
6508
4726
6548
1338
6551
511
7570
2511
7014
893
1800
5226
5820
6583
5003
2880
6257
6394
1623
8099
5850
134
8925
3055
2094
2930
7373
1471
5775
1317
1757
4316
7520
9550
9439
7526
4086
4151
7264
2453
2616
7810
7328
3920
5682
1693
1391
9327
5622
8751
9766
4679
5054
6162
9533
3950
494
4688
4099
5966
5705
7194
5883
8307
9100
8013
8730
7070
633
8617
2719
9193
9665
8615
7942
7582
556
2614
8694
5447
1857
4371
8780
2050
5039
7812
3144
9090
1397
1119
7309
8897
4175
6777
813
4002
1150
5344
6412
9296
7950
2823
6057
7899
2773
6669
7152
4254
8499
4039
7426
7054
6619
4873
4729
7075
5518
6549
688
2985
373
8650
9279
3434
4782
1995
8122
2374
6441
1061
7791
5558
7708
2684
6974
881
440
2942
3270
8159
886
1957
4181
2849
7611
5290
9991
805
8943
9425
3046
967
8252
4411
935
1124
3530
5002
1558
5308
5717
2372
6980
3872
7568
5748
9507
6
9660
4884
1817
8294
7123
5527
1816
4063
8835
333
3560
6829
5666
1432
4278
641
224
350
7135
6208
1002
6189
8553
2694
4320
3869
6987
8628
2263
1782
8475
8390
3332
1974
9708
6313
8491
6523
649
1734
9652
344
7710
7347
7910
1922
8890
7925
4082
3119
6757
65
7129
4520
4980
3318
2946
698
9447
2274
1823
3261
7491
7729
6530
4365
6085
5525
7279
5284
5743
8273
1300
2983
6796
6011
5911
6235
2789
3833
5329
5721
391
4386
708
5804
2013
1582
5803
3813
940
6457
1738
1639
4868
1726
7844
6849
7283
9065
480
1924
2952
1570
5173
7619
8602
987
8308
2655
5593
5342
1640
5763
8939
525
7165
5469
2197
4038
1283
7495
7953
8749
2312
5255
9038
6268
3017
6113
6805
5243
1775
4389
2790
1021
4415
7274
274
5890
2071
4937
7585
8761
7341
3099
6037
3999
2316
8369
9934
5676
9861
7303
7467
3442
846
9706
2557
2795
4629
7305
6428
4710
6631
5787
3951
607
9765
1064
6465
4123
9647
9336
4857
2554
7749
8219
3907
5232
8909
9501
1791
2173
1678
6051
4362
6759
546
29
6818
6054
4156
3473
4614
361
6534
4641
4234
4387
6628
5866
3115
4480
600
8299
3415
3282
2910
119
5935
6071
4046
8216
5977
5691
6837
7074
4632
336
1755
3365
9635
8102
6464
6356
2009
8038
7814
8700
8383
2017
8964
7537
7523
3194
8924
3923
173
231
6563
1599
7206
2876
3370
2341
7746
2964
5774
2125
4784
3084
1040
3687
162
2179
6264
7049
6776
7102
984
2127
9229
387
2800
3388
4222
9013
1841
9988
7631
9678
1566
3731
250
8901
2534
844
4776
6670
6187
1941
182
4619
7822
1223
2382
9981
8640
8158
1110
2100
2777
3022
6923
1786
410
1834
9191
8198
1170
5029
2147
1595
8665
1475
5734
6754
765
6706
623
1752
8900
6996
6083
750
6180
8008
5903
4585
9402
2726
1912
3571
3757
5574
7507
60
5241
9384
3989
1677
6341
8980
1527
9975
7686
5925
6576
5695
3276
7377
9626
2031
6210
5543
6687
2445
7035
1890
376
2516
3633
3256
8223
3335
3681
3437
3192
6540
1881
6691
6870
6010
9446
3892
5509
9303
6487
3879
9242
2979
5742
1551
8474
6665
6353
3476
7986
337
3915
8520
3903
8255
1332
9345
5236
2762
9654
4335
6095
8442
3104
2136
4991
831
8755
7315
7084
8626
5314
4410
7312
6027
5506
4746
5864
367
8364
1506
6652
1477
3196
5733
6079
6409
4533
8222
1414
2036
2747
7693
8757
4681
179
8916
8077
8799
8155
907
7195
3828
5493
3891
9147
5926
6376
7592
8067
3141
3884
4239
673
5044
91
816
2792
4799
839
1359
9581
4942
8192
5433
402
6772
2873
4191
9899
7932
692
1165
9517
2779
5749
1028
3743
7448
5953
5019
1593
5368
9398
3737
8848
293
7205
4616
6256
4589
8661
5490
8166
4302
7345
87
3718
3974
6482
1436
3466
7700
1037
3586
5830
9291
1442
989
7977
2677
8271
3975
2242
2092
276
1589
9719
5139
9376
4772
5568
9812
6924
8958
9377
8578
290
7144
4022
6294
9761
2945
4561
4313
4314
7065
4140
5170
3165
675
8311
4428
4062
3036
4420
78
4455
4257
8709
6985
1829
9669
9606
7310
5797
181
1689
9579
8164
9504
3273
8051
5046
9627
4017
6933
5234
7549
911
137
1564
2078
8987
5468
8213
5421
340
3788
1821
4751
7404
7480
6895
7282
7105
747
8949
3699
4076
2476
9582
6733
2988
9683
4983
4571
5772
1063
2082
5963
1740
590
2353
7391
2517
8722
4001
5058
992
418
8020
1163
2349
4549
1783
5607
5125
1586
5087
9095
7230
9571
974
2803
9597
1684
9352
3739
6393
4213
1899
791
4815
4378
9562
5929
1083
4929
3636
3498
6943
635
3425
854
9075
4951
3765
4083
2394
9110
3379
6103
6022
3678
2776
2171
1887
1730
8256
4901
6131
8770
5551
8426
5174
4111
4139
915
3876
7944
381
9637
9274
2101
3836
6917
547
718
6087
9523
6986
1711
4970
9752
3954
7589
9138
7149
11
5370
1762
3894
7356
8149
7481
3037
2899
9261
1859
1563
7671
363
8928
397
2270
5457
4606
3658
7085
4291
9099
4205
9452
445
975
3007
9454
6319
5972
7604
1596
8472
4253
4573
94
6964
6561
6929
8823
1399
4515
9060
1313
4535
7096
8484
5782
4839
3066
8214
3301
9004
8551
7006
3357
3858
4107
2060
655
7915
1129
1417
6378
4100
2723
5175
4073
3152
8781
1534
9410
9019
5300
650
9062
9612
2055
4495
709
8956
1066
4543
6957
3584
5252
5194
6874
7804
2778
7716
5160
6590
1151
4236
8804
1927
7548
2686
2309
1396
9298
471
9320
6490
70
7926
8029
9976
5540
2812
965
4080
6194
5135
5940
2490
5244
5316
2019
3237
6718
5531
5228
5848
4119
3463
3838
9314
695
5059
5132
2452
3615
3899
3386
7260
8698
9257
5825
6260
6997
4760
7758
4300
8670
8630
1811
1932
7624
7048
3472
354
4202
3811
6193
1981
3331
8244
4576
2379
417
1276
1041
5500
6763
5358
5426
8227
4013
8115
4852
8997
7779
6538
1724
100
3275
2412
3024
8853
8228
4675
4579
4686
338
4113
1049
703
135
8496
9297
1467
9309
7113
9953
7735
9844
4061
2494
5650
8011
9854
131
9102
4072
6052
535
2160
267
880
6391
741
4478
7638
3481
5403
6815
3798
5286
1177
3213
1793
5511
3061
7532
7308
558
1936
9159
7417
3583
1035
2991
3106
5224
8247
2396
3529
1404
1756
2188
7125
7324
4554
4212
729
9301
7246
2659
3012
7945
4806
3050
9677
4000
4871
15
6861
7808
5419
2962
5430
8238
8930
9067
8938
3669
4846
2975
4048
7924
3688
9491
4329
2636
6018
3414
3822
4413
6275
1226
9129
4604
2113
9353
2377
3845
1106
5943
1379
8522
4441
6518
7106
4498
5567
6266
3405
2813
919
4344
5210
7358
723
8526
6485
5741
6222
4143
3605
5665
4910
2743
4709
4493
8772
2987
7189
5550
8074
9188
6767
9157
5973
7723
8127
5467
3384
7757
5380
3288
8027
7231
9223
8119
8759
5768
9816
699
9217
4650
8762
4542
1987
6603
6955
2196
2472
1688
8184
2628
7455
5259
7935
1349
645
8330
1097
9396
2838
1069
3960
2175
8792
2761
584
3129
1174
9564
843
4309
4812
1530
7512
9500
9324
5570
9169
7856
545
8179
6525
6722
9546
9567
1796
108
6885
4187
4408
8672
670
9476
5400
6339
5930
9057
5542
3000
1016
5559
5660
659
1400
3735
5869
4789
2405
4718
520
9308
8507
2977
4443
6766
2483
6582
8466
3447
8254
6227
2003
5397
9098
8000
1819
7153
5095
6947
8845
8813
1473
1312
5395
1614
6632
5668
3763
6533
5643
2391
2069
6680
8536
5779
6690
4564
9785
8391
653
5923
2738
9173
3888
7892
4289
4446
5302
6738
6732
6417
1071
9951
8047
6323
8101
4434
944
5634
6536
442
8217
6644
4832
8605
6550
3439
5363
9405
3756
8906
4196
4095
5649
2063
5625
8215
9239
50
3932
4036
3238
6450
6337
452
3604
8988
5424
3761
6819
8560
5620
661
3051
7379
6969
2329
769
6067
883
8086
6913
7969
8327
9245
3808
1352
7221
538
195
9366
1199
8894
1663
4348
2767
1020
464
4195
4321
927
5231
9561
5438
5756
6395
3827
6629
1458
3886
787
256
6053
312
4491
4116
8016
3549
4948
9656
8562
39
6607
1050
8044
9718
4805
7133
6149
3305
7815
4345
8241
2121
4804
980
6846
5921
1794
6448
4269
553
6030
1519
9282
3088
5606
2533
4863
7487
4005
2290
4570
4275
701
436
4396
1861
8934
6007
4484
9003
1358
3350
8912
9272
2440
5757
2081
9053
6953
5099
5560
7445
3402
7928
4299
7134
4678
9586
1220
6151
9716
9473
5694
2234
311
7304
6214
5407
7155
6466
8967
3683
4931
2592
1235
7092
7951
9639
9287
47
1180
4557
7408
9140
9686
8040
6462
5360
1341
9977
7933
4453
4810
9393
1395
2230
811
834
9387
8582
6926
7483
3918
1137
3824
8317
4121
1015
7453
8004
5052
3964
133
3291
3259
6880
7349
1175
3268
4085
777
4170
5578
7850
3181
9873
6959
3623
4592
7450
9294
51
6584
184
2222
6939
1393
3236
9725
6336
2749
4230
3664
7782
9838
1044
8898
690
8175
1581
8721
515
2996
2710
9156
5727
4162
1992
4670
1435
662
3133
8840
4497
2601
7071
2769
5289
2354
6055
646
9589
3375
6476
351
2194
5722
3431
9293
9870
9996
2304
3770
5291
6033
7148
9923
9153
7943
8572
9240
9790
4527
5640
8459
4843
6808
8301
7228
2005
6641
8500
3450
1607
6559
6110
8113
8061
9047
5483
1675
9048
1569
1877
1053
6708
9252
5994
7989
5128
9946
5686
3597
9414
1192
6781
272
2857
6202
1010
260
2932
4071
4609
5396
1128
207
6753
9601
3691
9512
3970
4217
1523
4714
3001
2544
8480
6638
4577
8775
4287
5376
8447
1655
1370
9480
5583
1721
7289
3968
4537
9482
8842
2409
356
3079
7166
9355
5250
9508
2320
1635
2984
8337
6092
3988
3924
1713
4599
3246
1513
5401
903
9633
1346
8604
6435
205
3120
9399
5168
4752
3887
2132
7687
3078
4328
7350
818
1353
5535
9722
8501
1065
1572
2207
2711
713
6919
8435
771
8783
3868
8818
1309
9516
3219
9689
6456
4915
2220
6883
6170
161
8714
7263
3494
2414
3207
4467
7973
7622
9125
7985
2118
2332
5736
842
212
981
2609
3478
1278
9179
6001
3421
5215
5203
3841
4803
5294
4555
6636
5140
6039
7626
8468
6784
8001
5049
1029
1437
59
8669
4993
835
8825
6357
8382
569
4625
6572
1386
2909
7462
2855
1412
7820
9395
1006
9448
9746
3269
9819
7748
1195
5296
7788
3310
6892
8323
7739
7037
696
4900
7909
3713
8577
8416
7591
2469
1229
2488
971
5393
3656
8485
2037
5598
9676
9358
2474
887
3354
3790
9378
2785
763
7009
739
4738
7764
1188
2083
9163
310
7242
7396
4351
6780
618
6458
2407
1928
3150
2746
1443
5452
7783
4990
4932
5826
2786
3638
8389
7649
5461
2944
7996
2462
3942
1265
3733
4590
2640
6649
4479
8981
4623
2679
3587
8932
4748
819
7855
7650
8513
2216
7007
9109
5602
3609
4135
2145
3857
7388
5150
8557
8742
7795
5947
7259
1662
1930
2198
4858
9092
3672
7772
7030
8250
9271
1773
2906
323
3243
2859
3380
4593
2464
4953
2784
3981
7405
8512
6998
2936
4400
5766
7454
3372
8740
6791
9600
9284
1744
6455
4385
8571
2672
912
4691
3646
6498
8170
3178
2068
3074
8157
3831
6074
5613
1079
5590
2750
2893
8517
5145
7546
7813
7801
160
5180
5609
4439
9368
5071
9542
9231
5086
7703
8684
8883
4435
243
6788
2212
1389
1953
3939
3830
4068
613
467
1460
186
2833
183
6325
7005
1624
4258
8838
4157
8354
7146
928
7158
2645
6835
4074
2062
691
7099
2989
1096
7416
7797
2395
7196
4437
8531
2479
4787
6481
8343
7533
8456
5799
8365
5138
2501
676
3594
557
9181
9012
8288
7641
4297
1654
6936
9359
8583
9360
6744
3336
4127
2028
1433
7912
6731
1290
9758
1302
1321
8266
1540
7162
5443
1331
5011
7424
4409
5948
7704
5081
6497
99
5445
8030
4034
6026
4668
447
1618
6129
2807
9789
3625
7970
8992
2278
3679
1910
8140
9696
7798
7440
9915
1798
582
3460
8242
6723
7730
8820
9458
6029
9382
1975
4043
2822
1610
5724
500
5434
923
2968
5561
5897
4793
1978
5330
870
2419
404
995
6340
5268
568
12
7224
4105
1024
1603
6084
666
4342
1411
8363
4761
5767
7992
7760
1056
3543
4767
2388
7059
7881
6938
4741
501
7949
7434
7668
5213
9370
2815
9033
3634
437
7219
7715
6965
2753
4104
7370
1548
1851
4662
5889
1231
114
7759
5102
6494
4552
1879
9209
3284
3706
273
1421
810
7369
6245
1587
4506
3465
8432
1529
4035
5893
2543
5394
7701
9267
2810
2214
5324
6389
4959
7115
8394
6070
3705
3702
7744
8400
8090
7233
3792
1903
7154
7055
8584
3709
7903
5389
2098
7696
6138
139
484
9687
4816
6516
7402
6678
1127
8704
8664
5121
1091
3302
4500
5144
8154
4010
9063
3866
88
2430
4021
5437
8035
2965
7073
5616
3515
3221
3308
1394
8689
8071
5662
580
2176
1051
6002
5043
5
8918
1503
7019
2021
2149
7712
3148
6686
1972
4566
889
6570
4451
3174
3736
4084
9302
3328
5512
3069
9158
8973
9618
5545
5498
2281
4612
5349
973
6915
5792
7414
1809
5684
3313
2044
8186
5494
3398
3546
4685
7601
3698
2459
7975
7615
9591
3458
5465
7528
3023
1874
1000
3896
7639
4529
7098
4697
412
3367
9803
219
4102
4992
1444
7511
7261
1647
6396
3210
2737
9651
5112
3107
1648
3459
3570
7447
9243
3015
6925
8794
2758
2818
9394
5262
489
6335
4808
473
8276
825
532
1159
7053
2255
5122
6502
2892
6558
8651
1425
95
3011
9558
1070
5529
9197
3642
789
3550
1672
1194
1885
213
6894
9698
7241
1230
3347
1318
84
3161
3626
9332
2922
3319
5814
17
96
3525
210
5436
3168
7343
5679
4150
71
3694
240
9277
201
4149
2690
2581
4044
6125
3493
289
2285
5274
9958
8187
3696
5479
9347
6345
3576
2493
6736
2867
2635
291
9189
7013
2390
9559
6015
7665
2486
550
9580
1785
9493
9433
3725
4282
1167
1074
2631
7355
8413
4749
430
6488
7616
4390
3223
9016
68
3943
3690
4244
5565
9755
9895
8403
6625
4317
9268
1504
7060
8112
3224
1377
8568
8546
8763
925
6906
7291
2804
2568
754
5524
8596
8667
461
3039
284
7879
5810
232
7697
8381
6459
9992
3755
807
4526
4690
2834
5594
3782
9122
4918
8386
2865
8303
6514
6373
3134
1681
3517
8922
7287
6405
4794
392
9919
9442
308
1351
8401
1214
2423
8185
3346
542
4290
1116
671
3895
8
302
6451
1615
8376
4947
1104
9929
6411
9806
8887
9071
2839
7866
5754
159
541
3309
9341
6887
2797
5566
634
1343
6792
1238
2704
364
1854
9802
5004
5357
5521
2491
5075
8272
5984
295
4723
3753
8800
8461
9463
2229
7442
8060
5223
5790
4120
6700
5069
6937
4798
2520
3564
4935
682
8234
211
9815
1378
5838
7679
8138
4051
4286
7774
2697
7232
8470
7399
1450
6472
2802
4827
1084
8248
3234
2096
9084
282
41
8852
5706
1367
9987
288
5688
6898
665
3760
9276
9023
3821
8506
3622
8715
8246
2940
3817
5789
3201
1621
830
2809
6596
7831
7016
5104
2133
2095
5187
5115
3010
2248
4178
979
2413
8136
596
8702
4380
4826
1982
5976
9853
246
6659
1461
899
9529
4422
6918
6705
917
7508
9438
748
28
6774
5642
2200
9903
625
4509
3389
4594
6782
4065
6355
9510
1287
1387
8262
7706
2613
2947
3253
8333
4673
832
3156
7559
9573
3130
3501
4547
7174
6821
968
3783
7302
1539
867
8972
8423
7751
6064
4634
7201
3487
3712
9599
5632
8018
4144
24
8285
6282
2928
3987
1560
7145
9406
4976
7682
3589
2244
4334
9474
4496
6760
952
6630
8942
778
8315
2999
5851
536
3653
717
7225
2226
9263
3189
6599
1883
8123
3353
800
9306
7841
145
3775
3745
3496
6991
1870
8109
2178
7500
4262
1531
1524
3500
2514
206
4717
3855
3551
2328
706
5008
1270
9825
1960
643
8031
2556
209
7629
1138
7501
8124
3230
5155
5353
5747
3535
3376
4436
8656
8880
8359
7816
3116
1146
3708
6089
7717
6158
3312
4764
1954
1452
1636
2862
6423
6154
9972
9547
8867
7307
4944
9430
7163
3132
3729
6132
509
8534
2049
2365
7978
38
8676
299
8533
6810
7143
8263
9757
3295
4548
8085
1894
1161
7674
147
9797
5919
4373
5491
5761
3339
6200
1925
3364
9537
8614
4008
3533
6363
5746
3624
2665
2463
1913
4384
1218
4828
7460
9948
3815
4266
7027
4114
9449
8789
2567
6769
5863
1743
4243
5306
4227
837
7449
508
7214
5101
8347
8431
9162
5815
9488
5454
7737
2492
8023
7898
7360
1197
3600
1441
7524
516
6830
7685
7017
1295
5326
7609
450
7767
5920
9333
4427
4977
1388
3637
6620
7565
9226
5759
1533
2898
8807
7170
2650
4699
4541
9675
6966
7067
9751
4909
6318
9901
5163
5683
9465
358
1871
2990
6410
1720
4719
2428
5847
1512
4098
5709
2731
1542
5208
7380
3523
9574
5196
1559
7625
7705
3279
8055
1141
6101
4037
9974
3404
280
8833
4011
9389
2059
5879
9328
9373
1134
3912
5134
6076
3361
6195
8320
7927
6375
3711
9610
3787
3438
4728
3368
8322
5110
4141
6856
3835
6327
8437
6820
4210
1216
8629
406
319
7268
3748
5630
296
5013
1753
8868
1934
4164
9990
6692
3862
5905
4781
6647
110
2191
9009
5336
8169
978
5178
6350
2339
9440
8139
4358
3793
7078
7423
937
9909
5813
1748
8361
7182
6473
225
5172
1761
5541
5127
3441
2155
9950
1984
9704
7721
2878
5812
9796
4985
7188
67
103
2166
4621
3724
5212
4801
5822
129
7897
9726
768
9525
865
7699
1952
2816
1947
7208
5449
5415
3834
6072
4472
6900
3082
389
9663
9411
3366
4214
1288
6374
9078
7392
8590
8760
5895
781
4154
7032
9362
3125
2733
6841
5657
9073
5614
1252
8130
4377
5332
1486
5310
3734
9709
6768
9935
5295
4370
3304
8107
3294
539
1665
2103
6569
8076
5831
9443
9868
7789
4399
6609
833
5909
3173
6637
4964
4241
8417
9237
4343
7385
5082
7602
8996
1464
5872
6927
2099
7422
490
4737
5463
1658
4724
357
7938
9801
6954
4088
3419
3027
8453
6600
4029
9818
9904
7750
1120
8646
710
3047
6920
8430
8009
8098
294
8309
5740
4584
8624
2958
1697
4911
2854
6580
1381
3875
9910
2703
2456
9917
784
1179
6505
7991
8225
5303
7418
6948
1567
4927
3457
5298
3004
2546
1501
8502
1347
4416
4544
8854
7336
5229
7832
9467
9000
7176
9889
2575
3198
8559
2190
7202
2441
1327
9700
6684
7160
7913
9496
7147
2619
2941
9134
3807
9111
9014
725
8493
9820
3101
872
8532
4204
4722
8068
7040
3976
982
891
5644
2262
1818
7802
6675
8163
4106
1082
8352
2897
4754
3464
9673
216
105
827
934
6484
9375
2303
221
10
4155
3651
5098
3697
247
5254
2982
3499
3714
960
9666
6702
574
5247
9544
9767
5837
2418
5285
5374
1291
7132
3408
6311
9703
4600
3789
7692
3182
6005
3147
1608
4186
3080
1360
4635
1148
5364
7361
6230
5965
5292
1637
1228
4731
6844
474
3397
2012
5429
9310
8243
8892
4562
6789
9088
847
5381
431
9756
141
594
5154
5485
5781
20
4487
4242
687
9409
1217
8093
1703
611
1336
151
3890
7785
9096
9570
9850
2218
8049
7087
6492
5840
1727
7284
1232
4171
2629
8877
1215
9400
1201
3303
9605
5955
1031
3853
1408
7204
8286
4582
4755
5891
8769
679
6961
3909
6206
2649
7707
8619
1537
9238
8734
9932
7432
4689
2593
2522
8473
6196
4184
8012
1979
2327
1716
6608
2336
1850
342
5320
3504
5916
4361
6324
8884
3929
617
3558
2939
7184
4758
2206
3569
8041
6248
9348
3395
420
4899
9763
8746
6253
5355
5365
3239
5854
5967
9985
5785
9782
9962
9212
3018
6512
6524
3878
6186
7390
6952
6020
2367
3503
734
7875
6655
563
1771
7077
6761
2967
9228
5169
6734
9248
529
7080
1747
118
6869
2585
2558
6573
9441
3403
4488
9664
6509
1077
3176
2084
4941
4216
6050
1692
1846
7656
7191
2627
2836
4830
8092
6605
6203
1897
6537
921
8826
3468
8558
3072
2450
1945
2685
7051
7633
7817
2421
9921
4454
5073
1749
6099
5388
7956
8653
429
98
504
2169
1772
1682
1951
5398
5997
313
9941
2091
3977
6361
3592
4331
2992
9837
3844
6094
2528
198
1153
9551
4077
9211
5001
9770
7296
7121
1453
248
7436
4346
619
245
215
1115
6056
6839
1355
8589
3420
6721
127
9139
1866
1939
3611
4574
8469
8637
1964
7506
2594
9187
4735
9520
1863
4310
8732
3547
5068
3566
4745
3958
1371
939
4306
6868
7809
1962
5482
2056
4583
3916
4865
5588
6709
1528
6126
4907
3
5990
4417
1710
1831
3083
1298
7167
5981
1203
2647
4060
1135
1971
4312
749
797
6838
1095
5828
6130
3998
3900
7444
229
8226
1136
9050
1900
3222
6295
1380
4225
7223
5626
5586
1455
8717
871
753
6174
1253
5209
4841
2966
7571
2545
6823
9478
5191
3360
4961
5628
7387
537
2814
9783
7726
1430
6778
3492
6640
3829
6729
1988
113
286
3479
1193
7646
9642
5475
9734
3311
9146
876
4771
5950
2035
3092
4485
5882
348
3206
505
6853
951
3588
2734
2265
4684
3801
1261
8232
4023
8963
8610
8505
9727
7584
4653
5562
3103
8595
8998
2156
1967
5516
3267
879
9978
1202
4193
5991
5995
4768
1446
6588
9037
9690
9569
7011
1344
5992
7090
943
5266
3728
5752
6188
7247
1111
6850
4183
8829
7079
9596
3417
8550
2025
3410
3143
9143
4087
9105
4395
647
3913
3682
5200
8019
4643
7180
4326
3454
5600
422
8896
2706
4179
7494
3171
4652
6097
4551
7929
9135
8448
254
6279
7293
8683
7256
2378
5808
3648
7076
6478
6889
7466
8479
2432
8094
2781
8393
1918
6493
1438
4201
4849
3562
1955
6143
7695
1605
4324
2427
9954
8081
7203
1865
8208
7603
5975
4883
8091
9846
7046
8511
4713
4637
9288
6934
1245
5673
4903
9200
9657
7140
3542
90
3618
8811
4081
1081
8836
1478
9649
8075
3715
5118
2696
8497
3054
6651
4833
7425
3619
3497
6739
936
6299
2549
6249
5313
8754
8446
4618
8017
2272
7988
9829
803
8869
6251
9823
8859
9608
3825
3030
2435
4783
8325
859
8923
1704
2532
2861
2406
4645
7181
719
4109
2139
2662
7136
5765
7313
5354
7876
8808
7475
1565
9855
7917
9403
2882
1790
7110
1131
2596
5933
5870
7323
4997
5141
2929
322
6568
9943
2313
6567
5988
4586
8421
7562
2357
9421
7097
8812
5703
155
2521
8441
9611
1052
477
3344
2370
4251
930
4530
7446
3359
2135
8716
7381
5219
6102
8944
8917
8586
9922
5272
3563
7824
4126
2137
2458
7008
9887
8699
6982
3298
2701
6265
9799
6309
8377
4367
9397
8659
9851
5811
8861
2542
3369
2236
4819
3191
7907
1997
9001
6432
560
82
3599
7401
6930
7150
3349
382
5896
966
3927
7955
7411
7267
510
8174
999
1574
8529
6444
1920
9275
7670
6205
8623
9713
4049
2503
8463
3448
5580
8747
8490
6903
1718
3137
8135
5373
7769
8806
1985
4919
3435
2006
7556
3539
9566
398
7838
5383
4398
8302
3471
5460
7164
144
1320
6034
9030
8002
8229
8816
2360
9640
7334
42
5849
9131
8539
4288
6971
9883
8834
4431
4112
2000
8251
5211
7025
2637
102
4666
3751
8260
6847
275
7581
7745
5671
6685
4774
7517
5861
8050
4936
9798
733
1612
2420
132
3874
1067
8168
5337
2670
836
36
2874
3453
1014
4319
7503
9444
7720
7901
7545
8857
8458
86
4780
4922
2504
4773
8736
3474
2907
8412
766
6386
499
8177
6042
2902
7107
5018
1023
5720
4094
6000
3850
8908
2205
7854
4765
1799
1795
9317
1147
2361
8607
3506
5855
6024
841
6258
2408
7034
4465
1405
6167
4203
270
9471
2016
3657
7015
6058
1017
7114
1328
5435
9616
6522
9069
459
8538
4220
3100
4031
1839
549
9786
8451
5523
8822
7799
9554
8346
6909
7664
6912
2911
9031
4622
8675
5786
8207
104
6425
3244
5392
7316
2538
7138
7877
6807
2057
2582
5505
1598
6827
8787
3326
6956
9780
962
9331
6009
7755
6531
3480
6153
5074
1277
9509
4440
9584
4052
1398
9151
5090
3228
639
6204
953
9266
4553
1173
6624
7272
3928
4108
7940
8984
5910
5675
8844
6581
8142
9161
6326
8515
6905
731
8608
2457
2124
2039
9999
8814
1862
2853
4523
1424
8516
6506
8902
4825
4471
3280
6510
7439
667
1451
4015
9028
6689
1123
8173
648
737
7728
5832
5913
7595
7583
7669
5907
785
4706
6199
2755
4851
8677
2604
3220
4744
9680
2020
3180
8724
2863
2663
3786
2111
1806
9180
61
2721
8635
9499
6041
933
2485
5918
7727
5611
5677
852
6289
5648
8839
4101
2052
4654
5472
3491
6122
3071
6877
6259
6642
3200
5408
2787
4736
9970
728
4753
4246
5414
715
6316
7357
642
7541
622
8371
1284
3603
5956
2599
7598
2154
6884
1868
4648
9875
5282
4067
8788
5484
2289
238
8231
2018
4174
8237
2481
683
2860
2148
4867
9083
8195
5066
1080
3810
1511
2186
3297
6219
7884
1122
3322
4568
4425
2821
3614
1088
6433
1009
8021
4978
7569
6302
4661
4864
9900
2007
7885
63
792
8620
1144
7964
2308
3544
1698
976
2881
8735
1073
9933
5978
465
5246
5367
192
7658
3110
3193
366
8668
7327
2597
7636
1643
8100
4866
6098
7908
1763
6377
2299
339
1826
4823
9674
1815
6999
5888
6949
8674
6532
6888
4444
3972
6658
896
8888
861
2875
345
4655
1961
1764
1869
8569
4960
1825
4906
6855
9925
4311
2115
7941
4033
9236
1633
6028
1254
2204
8126
4265
7410
8478
8959
4475
6285
7995
6950
4303
2097
3639
101
4695
8402
2602
3096
9957
7818
4818
5335
1538
1101
5938
35
9724
6254
1001
3204
2352
8103
9740
5514
6486
920
9356
8688
3649
5894
8182
8655
7873
4457
8418
4477
9186
7930
5006
6419
3722
4473
4596
5474
5188
5348
4821
8108
163
8871
8146
1680
3773
9659
4636
4090
1546
9973
8233
4770
5159
8052
6910
7661
7207
8358
9346
8899
1505
9338
8210
2537
2192
5601
6809
2579
2119
5176
2562
6704
1143
6560
5784
1058
8289
2143
2027
6333
8733
6437
3038
5841
6742
5884
9234
4759
1196
9170
6854
1770
7254
8618
2551
8727
9733
6513
2301
6137
1908
3087
9077
81
2116
4933
3513
353
9300
7020
7853
5042
7554
3507
705
7859
3870
806
9042
7806
4264
551
4161
8340
2447
6317
772
543
885
9117
1644
9714
2122
7763
4301
6452
3396
2177
236
8125
4339
9552
6426
2295
5440
4580
7376
1690
4040
9066
3911
6422
5770
2741
2864
2076
8151
2689
1907
2518
6824
8452
8037
8621
2877
120
4218
303
7063
1319
6398
6571
3241
2831
4605
1733
2366
4142
2610
6081
9555
6633
8428
1578
5263
6387
5217
2439
4274
576
2273
8856
3006
6243
9538
7628
8378
5007
8866
3780
2715
8771
5198
3187
3362
1219
8022
8150
1674
9489
9322
6666
5379
3407
6586
1479
1750
8999
6812
9928
3257
7921
5264
8547
8846
7800
598
1100
7845
8564
5776
950
8483
6814
1915
6622
3502
7574
7325
5311
7362
4518
5595
2771
6565
1510
9415
938
7122
8565
3383
9557
8931
6312
6968
1390
606
138
4836
9278
4148
2727
4671
451
2722
2811
9920
244
664
5470
8372
5554
7340
3541
5711
7981
5844
9924
9794
9632
1184
826
3327
6511
2331
208
9505
2045
9380
587
7563
4694
4414
9097
644
5158
528
7889
6542
1561
1280
3485
3003
8345
8552
27
56
7157
2350
6908
609
9779
149
716
5780
5221
4464
2691
6359
3963
4893
4766
8954
2004
7765
1337
9148
1454
5589
5959
4644
1026
6385
8622
2415
298
8450
126
4872
8331
8147
3089
555
4221
7733
2128
7662
6981
2572
7567
5585
9040
2889
5205
1483
331
4778
2072
4308
4732
7286
7580
9984
4779
5753
9120
853
3427
266
327
4657
492
2919
7200
2174
7787
7807
1224
4192
5685
7542
8006
3983
1520
6059
4374
1822
8275
5639
7348
7540
1601
5005
7843
4663
180
4667
1835
7213
3008
8464
888
9490
1547
6983
1046
5700
9747
2446
2199
5480
176
6826
9072
5725
751
8525
2433
7836
5235
4502
2298
7952
5281
5701
2530
3195
4962
8414
9386
7740
1103
5836
8701
9190
3809
4132
4707
869
1873
5352
4861
7301
405
5126
2935
3873
3215
1162
3969
7038
1445
1849
3212
1034
730
9484
5489
6526
9196
6242
5041
1384
2302
2887
3848
6882
8114
9760
140
1243
425
9049
8319
512
8862
5304
9427
2183
9104
8728
6978
92
8296
8673
5377
7993
3172
3160
8544
3060
6032
6673
8043
3505
2826
6215
1611
7486
7062
199
2468
8758
2195
3902
2770
6802
2974
6019
2393
8989
1345
9246
693
4824
2830
4834
6604
2844
8385
7285
2869
6252
4733
8719
761
6899
1282
7364
4598
5499
2868
6875
5892
5633
8893
6017
4224
6136
9203
7515
9417
1666
7435
5791
1368
3820
4949
9918
4268
9178
2707
7463
130
5027
5575
7825
9805
3880
9061
3406
9108
1737
9914
3727
1701
1917
2484
8929
9947
5989
263
5876
8194
6668
3749
8764
390
2512
8269
6225
4969
1667
8809
3826
8570
2720
874
686
3740
514
3591
5251
4742
2233
7610
2356
3948
994
9074
3451
8510
226
1556
2754
7663
5528
9913
394
9059
3029
7931
9528
4531
4890
3514
8120
7217
5843
9497
1944
6842
8657
2375
3443
8137
2359
4831
9326
2509
3660
6413
4032
6077
7895
1708
3077
8436
146
5307
4024
396
856
6817
5599
8284
3058
712
814
5901
7572
5569
1768
4775
5297
1993
4474
6201
3784
875
9965
8645
9166
7089
901
2590
1660
377
4795
9602
7987
5022
6904
3978
7337
6090
9035
6171
6198
4356
4712
1705
2438
7676
2215
7890
5390
573
9670
8297
6606
4458
1311
9810
1459
2024
5503
8069
6403
9768
902
5960
1714
8360
8962
6775
829
167
3738
9645
7886
7653
433
7868
6036
8350
7654
6798
4624
5177
9572
6329
3675
2293
1767
9931
3849
5327
7578
9668
9365
4913
8419
6520
4880
3703
4249
190
8952
26
1057
485
3019
3767
2310
9788
8692
9008
9492
548
3843
9052
8773
7472
408
2001
8644
1668
2038
2245
2358
8338
6220
7691
4285
5508
1990
6851
5834
8556
3169
7297
3146
1305
4904
6048
488
3188
8128
5031
4020
2362
9313
9720
150
627
2698
638
2718
5162
1168
259
9867
1183
2142
7752
8058
7761
8682
9671
7828
8178
7383
1489
1707
6681
13
6783
4572
57
7216
9349
9896
7518
2842
4693
2247
3356
8915
7497
3166
3340
4705
4965
3052
2422
3908
5555
292
7372
9745
7803
3477
1884
2891
5466
4829
5117
5476
4296
1025
7003
5036
8429
249
9993
5492
8267
7468
4809
4124
7066
9736
8886
5153
4460
6862
6836
7465
6960
2536
5946
929
4078
3114
2724
3805
5526
6864
7834
9177
6290
463
2960
9960
8066
2146
2286
1880
9636
821
7061
5501
9339
1921
6379
2106
9684
8864
3128
7393
2064
5085
608
1462
6785
1580
1247
7600
9604
6091
1145
2506
2465
6105
106
7621
2661
3296
4426
4565
2189
6797
9807
4069
6141
2376
3671
7754
9614
8592
5552
5969
2933
136
7883
7521
7000
7270
6779
3416
8843
3994
1679
7275
3768
9506
7519
2626
4917
6287
3889
7963
7488
4197
6224
1468
5744
9344
8729
4208
9885
969
8739
878
7863
9735
954
9515
6794
2258
6231
9511
3020
2847
5719
5261
2595
6139
8597
3723
8408
7555
1838
1407
5116
570
6773
2026
5764
9702
415
5216
4528
2580
8696
5645
1429
2837
9056
5641
5084
2170
7522
6758
7947
6945
5610
9218
9741
5056
4996
5980
8405
1956
4047
4315
1102
2487
7012
2555
8465
2587
9738
4089
4777
8059
6921
5279
5143
7819
9337
7374
3330
5519
7659
2675
2692
9814
6372
8713
9737
8705
5346
3608
1225
3720
3645
9436
4323
5971
2201
5735
9032
1366
9315
7420
4503
894
1249
3555
7968
3796
4259
2851
7516
1210
2495
2283
6656
4522
9018
5441
9082
5271
2799
2948
9202
3140
8070
4138
9556
554
6013
4481
660
5361
5347
7400
1439
1234
2695
4438
9445
4012
4137
2938
6816
1634
9949
3281
7657
946
5502
6383
5824
6528
9081
7979
6246
1258
5497
4336
9835
2633
9323
6239
1571
9694
3392
8003
1525
9869
6233
5556
1292
9141
2885
3202
6134
1007
1322
1622
1011
9126
8427
4279
3470
341
3641
4559
5026
4014
7743
8540
1457
941
6578
4292
8205
1361
8554
6612
9890
1142
3272
9385
2976
5478
4569
6504
300
7215
470
8537
8726
4482
5823
3025
3993
5846
4620
9781
4888
6543
1699
2671
3203
5809
8977
6401
6284
6045
5428
2152
1650
6438
1901
4122
922
4658
2605
4298
7840
3973
1160
2144
9792
3772
3980
8765
4954
6118
581
8443
5206
8057
2763
7887
652
9137
752
76
7318
32
4914
6873
111
7577
6308
2687
3163
5047
2896
5915
7064
2371
9513
3859
3769
3511
5021
6322
3860
2153
1797
6038
2618
335
5486
330
6145
5806
6717
2321
5456
5028
5690
7960
6554
6075
3716
2355
6255
2644
6120
7042
4180
6436
3081
3098
7999
4835
8993
8827
5817
591
6414
8042
9587
8784
3635
7298
2387
6483
6298
9435
7469
5538
3965
2570
4394
252
4536
2066
5055
2202
3526
6990
7320
8795
7946
1484
790
375
4988
174
4720
8265
6106
4238
9731
3382
3941
5968
3704
4975
884
4894
7353
9295
3456
122
9772
5420
7531
3217
1038
4430
3452
3254
6060
2417
6427
4429
6368
4461
7527
3764
5065
3048
8796
4229
7130
3540
3818
9020
7675
9682
3661
8045
2454
4747
318
9106
6343
2702
2297
3538
1620
3337
2639
2180
828
2217
4295
5017
7249
6117
1958
3197
4902
4934
25
1237
4392
8204
9594
3992
7734
403
1619
8542
2827
4611
5094
1431
8521
6745
222
4352
1117
5161
1999
3041
1576
3856
6218
4055
9548
3556
3430
187
738
6940
19
6025
2209
5773
8097
6014
9340
6672
479
5276
9866
8039
2271
3997
7852
694
5932
9021
2093
1676
5253
9620
9518
2048
866
2856
1725
559
7957
521
9715
4318
9256
9260
5165
8132
3758
1403
3226
2381
8847
9938
5718
2900
3750
4633
4168
3266
7504
1552
1553
1264
6043
7031
5867
7277
8374
5875
1652
4613
4792
7888
466
9524
740
6552
305
2653
8802
4006
7597
2002
1729
8388
4926
8785
9026
4393
9750
6176
2011
704
8373
3606
2185
3652
66
8053
8768
6197
8776
5057
9777
1449
1121
4494
9712
9029
143
8937
5418
6857
4924
6697
2986
616
2314
8313
1604
3640
1329
6598
6648
1671
8279
5242
1909
7479
4986
4199
7407
2315
5680
4347
9877
4683
4190
1788
409
6109
2279
6278
5070
462
1509
9926
6931
1356
2080
3627
2061
593
491
1294
697
1448
3073
5146
1842
4407
7732
5341
5692
3490
2759
8495
2053
5549
4412
5339
2223
8849
2615
1973
8362
9039
8828
2600
7368
858
5130
5758
171
9526
7605
727
2181
8287
5504
5783
6863
4578
5318
4869
7596
6750
9094
3449
3967
6114
8541
3277
3816
3076
3519
5985
8270
2449
7648
9468
8153
1989
970
9392
6911
6066
681
1364
6273
5048
6424
9848
6096
9221
8790
9046
3794
9043
1805
674
4513
1976
3882
1803
8449
3444
1858
4027
4519
8875
7586
3759
4272
5904
7544
7378
7235
3926
4876
9103
5012
3274
7108
9273
4305
1991
2561
2886
360
1250
7470
2774
523
7827
2342
7974
4840
8171
3940
1938
315
116
175
1656
258
2632
6155
1304
6907
8379
7678
4739
2621
1357
2029
7109
6881
1172
5240
2995
863
6556
3680
6262
8277
8397
1324
9054
9908
7288
9011
786
6499
3607
5777
1191
5898
2088
1491
3957
3752
8424
926
3316
3527
6150
6890
8048
5199
3278
5495
657
8782
6300
1735
4294
1627
4588
5732
1895
3412
9244
3097
5265
759
1577
2782
8462
7036
604
2398
306
5868
7119
1629
7499
7022
5928
1495
9044
3345
5798
5715
8744
9371
22
2791
1878
9857
9762
5873
3995
6321
3754
3002
5166
8026
1428
3467
8815
9494
817
3263
2246
4575
3289
823
3528
2573
1827
8841
2505
8625
7606
4757
9184
7068
1092
9321
5317
5651
2054
5579
7253
3209
2540
8710
9730
1169
5934
4950
1490
4730
9688
6897
3726
3961
3662
1281
1005
2648
6657
4499
1274
9888
6891
1469
7395
8555
8196
1133
9893
669
9826
3952
2257
2131
9086
4875
7171
8718
942
9531
9744
2333
1125
1099
9205
3707
3518
6280
399
7451
455
4905
7363
7872
5123
1856
6217
6240
239
6421
9168
9479
3218
4649
2187
1625
7833
1205
4330
6402
5835
7082
7252
6288
2239
6241
1227
9025
4796
507
5952
6746
3265
8063
8858
3045
1715
5941
372
7525
7786
9112
4097
1872
8579
2225
8411
1497
9085
8010
2008
6967
9911
3324
157
7029
9878
5382
3925
9997
9461
4357
62
8335
6765
2925
3730
6297
6587
4669
74
5687
481
7982
7623
793
2728
1855
1963
6749
9661
4979
4708
6226
23
3186
3512
3127
1093
9283
7620
3536
4674
6073
7344
2227
2646
5951
2895
9450
472
1965
522
4642
5917
2260
1616
3776
5225
125
9776
6291
8488
7655
7780
6662
6247
5077
4897
2397
6062
9116
8073
7811
4664
3676
7651
4255
9418
6354
5386
3673
7459
7861
5448
5708
6716
801
1286
6553
7538
7536
4160
788
5114
6710
4050
7229
8409
722
9080
8454
3373
7514
6876
2674
743
8647
7980
4945
7278
9076
8395
7023
8280
8292
4946
8986
2497
1591
4939
1892
8885
5273
6211
4433
6040
2678
1472
2307
3400
401
3033
5312
7576
5181
8380
6328
7367
7684
5164
1087
5852
2866
5351
1114
444
7647
6661
3577
6557
1268
3852
3930
4381
5900
2531
7914
4057
1687
5624
1047
5257
9966
3548
4158
6238
3488
7329
89
7590
486
8961
3744
9847
3922
2527
5218
9685
3040
7222
6082
9379
7719
8293
3075
7666
9940
9804
9879
9894
1440
7281
1784
2383
5079
7618
9299
924
9881
8278
255
4994
5635
8982
7902
1042
8104
2162
4026
2668
4550
2757
7243
6591
1543
4271
1043
2499
3064
6941
6676
2643
8750
1267
7052
83
3348
5530
1323
4524
443
3747
1830
3248
7238
9456
6338
4802
7415
6344
5807
6756
6303
218
9132
7151
9470
6044
2014
3534
7190
5062
8348
6593
1888
9707
9930
9128
1033
5277
1186
1342
7966
6296
3432
7632
9195
6521
7948
985
8666
2507
365
4159
1833
9241
8535
7502
6592
6439
283
656
4844
6963
3424
7918
8336
8663
8693
4842
362
9613
5477
4404
6209
2943
8486
107
7552
2926
9213
3762
2931
1649
7557
1481
1518
5439
4340
6614
714
5544
4405
9956
8801
3138
8387
5227
6100
4838
567
3032
4270
799
955
1075
346
3154
241
3812
2159
3962
7793
9699
3214
2768
9646
9775
1392
6535
700
9422
439
5661
7094
9536
6695
3185
1463
6719
2434
9364
6993
6177
3595
9693
2752
5674
2846
7212
1742
9681
6169
5627
7766
972
1700
3381
355
7389
2208
2912
4267
8236
4338
7794
5222
8368
8190
7047
2744
9215
7660
6181
2471
2291
426
9534
3374
6834
3387
2380
9590
779
9424
8079
2275
2410
9578
7937
4198
4807
1828
9374
2937
9152
4145
5051
9388
2742
4172
9222
6277
7550
906
997
7091
931
2364
8658
5375
5487
5471
5652
2451
3863
8743
949
2526
1860
2832
4406
4028
8777
3979
566
4226
3580
1847
5908
5547
9898
1363
3667
7561
3937
572
4129
3377
2714
5716
7250
6646
4545
172
5034
2058
5845
5446
9667
4837
2300
6381
5416
2819
3285
3717
5322
3117
7858
6443
2502
2346
1926
9381
1638
4734
3741
4700
1456
5839
8089
726
2443
5309
262
850
235
5922
848
1213
4817
6755
7496
4003
6489
527
2589
5646
5629
4743
517
427
8189
1330
3684
121
1022
958
395
9407
632
6602
49
838
1426
4194
4682
1777
271
5587
7248
8824
9833
2634
4514
6185
5450
4995
1787
5238
7829
9428
5432
689
8014
4476
2524
4850
7677
8798
2109
2392
4956
7294
9545
6382
6104
5237
4638
6770
8594
7429
185
6431
7335
1712
349
8767
9413
3461
8793
7178
2322
6804
5136
6121
1409
3933
4421
3795
9419
453
3231
4388
6787
7709
2904
4521
4092
1048
3005
7382
2903
3157
4030
3260
5369
6304
3508
2325
6434
5970
7587
2276
4325
1781
8161
9565
8080
2326
1269
6495
4862
4896
1418
1383
7492
7306
2496
3643
9259
4630
8312
8116
7371
7346
3299
2969
8708
8440
2498
7100
6860
9487
877
9235
3167
7871
3545
3774
1325
3333
2015
2775
959
1751
6292
2138
5089
873
3091
7722
5658
6962
